-1.61419
-1.59951
-1.56462
-1.58292
-1.49568
-1.58698
-1.54773
-1.63689
-1.65642
-1.59131
-1.65384
-1.58677
-1.57251
-1.62446
-1.63484
-1.61977
-1.60763
-1.62049
-1.52409
-1.64143
-1.51225
-1.58121
-1.6271
-1.62028
-1.61887
-1.59636
-1.62511
-1.59005
-1.64076
-1.54763
-1.5753
-1.53614
-1.61008
-1.5842
-1.5972
-1.60796
-1.57548
-1.57953
-1.59245
-1.60478
-1.58634
-1.56318
-1.60101
-1.61871
-1.57592
-1.61228
-1.60334
-1.6446
-1.66185
-1.58439
-1.62429
-1.60133
-1.59714
-1.64314
-1.59244
-1.58682
-1.58469
-1.55698
-1.56294
-1.55746
-1.54893
-1.61601
-1.60657
-1.60062
-1.61555
-1.58779
-1.57209
-1.65031
-1.63546
-1.64767
-1.61756
-1.56446
-1.64486
-1.62121
-1.64034
-1.61346
-1.61263
-1.60316
-1.55593
-1.58891
-1.65118
-1.58924
-1.58915
-1.58209
-1.53892
-1.49966
-1.70872
-1.66288
-1.67339
-1.67743
-1.76548
-1.75368
-1.74527
-1.68501
-1.64509
-1.65323
-1.62207
-1.59599
-1.71601
-1.6677
-1.62059
-1.57383
-1.55468
-1.61542
-1.59419
-1.62168
-1.62981
-1.69358
-1.65309
-1.6003
-1.58779
-1.55449
-1.54693
-1.64587
-1.65224
-1.70078
-1.69479
-1.70779
-1.67162
-1.67876
-1.70781
-1.68445
-1.67226
-1.664
-1.64735
-1.6285
-1.66749
-1.61071
-1.62638
-1.61218
-1.57803
-1.58267
-1.57789
-1.54171
-1.5826
-1.58532
-1.50007
-1.52737
-1.51486
-1.54522
-1.54244
-1.55469
-1.59748
-1.59626
-1.5783
-1.58156
-1.56041
-1.52486
-1.57419
-1.58859
-1.63202
-1.65633
-1.6267
-1.62165
-1.62661
-1.70657
-1.58412
-1.65715
-1.65763
-1.65319
-1.65649
-1.65459
-1.60266
-1.63139
-1.6014
-1.55377
-1.57524
-1.59071
-1.57347
-1.55679
-1.55351
-1.61985
-1.65526
-1.72144
-1.66835
-1.64105
-1.63335
-1.61583
-1.58945
-1.62415
-1.56629
-1.63109
-1.60977
-1.62917
-1.63225
-1.62555
-1.6184
-1.61866
-1.5772
-1.60015
-1.56109
-1.54519
-1.66577
-1.62795
-1.59677
-1.58975
-1.63598
-1.62448
-1.63757
-1.63414
-1.70322
-1.63896
-1.67437
-1.66787
-1.72825
-1.67877
-1.63679
-1.59349
-1.5377
-1.56544
-1.62954
-1.58581
-1.66485
-1.59044
-1.59402
-1.55882
-1.55384
-1.58163
-1.62102
-1.62115
-1.65377
-1.67751
-1.65312
-1.6631
-1.6838
-1.59292
-1.6484
-1.62975
-1.65288
-1.68045
-1.66009
-1.63367
-1.63877
-1.64329
-1.72506
-1.69106
-1.58358
-1.61108
-1.63823
-1.67952
-1.68347
-1.71607
-1.68127
-1.68522
-1.67597
-1.72886
-1.71464
-1.66962
-1.64458
-1.6698
-1.65396
-1.6966
-1.71401
-1.66284
-1.61389
-1.59981
-1.60758
-1.71339
-1.74551
-1.65207
-1.63361
-1.66588
-1.67067
-1.64596
-1.6699
-1.62092
-1.66549
-1.72517
-1.69752
-1.70026
-1.60734
-1.64564
-1.6586
-1.6021
-1.56855
-1.60853
-1.61285
-1.58877
-1.66863
-1.72592
-1.70395
-1.62597
-1.68375
-1.74697
-1.70163
-1.67133
-1.72227
-1.69506
-1.70848
-1.62289
-1.62191
-1.72649
-1.64995
-1.59791
-1.67649
-1.67793
-1.6817
-1.66335
-1.69464
-1.61074
-1.59416
-1.6788
-1.65473
-1.65445
-1.67109
-1.69144
-1.6697
-1.66505
-1.65727
-1.63027
-1.63693
-1.69439
-1.6299
-1.58286
-1.58083
-1.67389
-1.60185
-1.62573
-1.65963
-1.66231
-1.68428
-1.67561
-1.69553
-1.69795
-1.73984
-1.69751
-1.68232
-1.69419
-1.6882
-1.70443
-1.69403
-1.65309
-1.64144
-1.73304
-1.66729
-1.65618
-1.64831
-1.63112
-1.65475
-1.66862
-1.62802
-1.57941
-1.61393
-1.65946
-1.70621
-1.62257
-1.62607
-1.57975
-1.6185
-1.61339
-1.63741
-1.70161
-1.69639
-1.63145
-1.66041
-1.63308
-1.66588
-1.61293
-1.65161
-1.67142
-1.6617
-1.63991
-1.63807
-1.71611
-1.67021
-1.64689
-1.67442
-1.62941
-1.64979
-1.59862
-1.71989
-1.62215
-1.63295
-1.66543
-1.69172
-1.74022
-1.71291
-1.61528
-1.63562
-1.69047
-1.67036
-1.70263
-1.69246
-1.64979
-1.63253
-1.64424
-1.64293
-1.7188
-1.70207
-1.71963
-1.76978
-1.77256
-1.69239
-1.71726
-1.66109
-1.75561
-1.76925
-1.77685
-1.7413
-1.69217
-1.65848
-1.70605
-1.60385
-1.68471
-1.66142
-1.67899
-1.63209
-1.70066
-1.62944
-1.68392
-1.6969
-1.70697
-1.70526
-1.68556
-1.71286
-1.61648
-1.62841
-1.61174
-1.68133
-1.6823
-1.5845
-1.68955
-1.672
-1.64578
-1.66392
-1.68503
-1.61701
-1.60778
-1.5753
-1.62157
-1.62266
-1.65682
-1.60909
-1.55162
-1.62856
-1.637
-1.63687
-1.69605
-1.6348
-1.59813
-1.66795
-1.68542
-1.61099
-1.62168
-1.59743
-1.63766
-1.64876
-1.65767
-1.71499
-1.66396
-1.71583
-1.68896
-1.68784
-1.69507
-1.72314
-1.57786
-1.72429
-1.64584
-1.56695
-1.64376
-1.6455
-1.68803
-1.74172
-1.76281
-1.71992
-1.74052
-1.74605
-1.78503
-1.74954
-1.74123
-1.72349
-1.7773
-1.72664
-1.68978
-1.71036
-1.70582
-1.72982
-1.71789
-1.64146
-1.58884
-1.69555
-1.63188
-1.67308
-1.6422
-1.63315
-1.59788
-1.6439
-1.69966
-1.70696
-1.68894
-1.74962
-1.71102
-1.72057
-1.718
-1.73118
-1.71698
-1.70882
-1.72656
-1.75483
-1.72074
-1.71208
