-1.61419
-1.57337
-1.64832
-1.67529
-1.66309
-1.7135
-1.69677
-1.69759
-1.70905
-1.68824
-1.74735
-1.77907
-1.70094
-1.6927
-1.67178
-1.678
-1.64616
-1.69996
-1.75177
-1.74231
-1.71873
-1.79156
-1.79259
-1.73383
-1.68636
-1.68023
-1.73492
-1.68319
-1.67484
-1.67828
-1.69201
-1.79625
-1.69399
-1.70118
-1.62125
-1.71745
-1.75889
-1.77305
-1.6976
-1.67748
-1.70408
-1.64066
-1.64149
-1.60937
-1.63268
-1.71722
-1.67243
-1.72405
-1.74888
-1.75932
-1.76866
-1.76413
-1.75702
-1.75091
-1.73719
-1.67087
-1.67398
-1.71983
-1.72049
-1.73755
-1.73728
-1.70461
-1.7484
-1.76656
-1.75906
-1.6834
-1.71185
-1.7259
-1.69058
-1.67747
-1.73549
-1.68843
-1.75606
-1.7262
-1.76587
-1.72238
-1.7701
-1.78396
-1.75107
-1.71896
-1.73452
-1.71065
-1.78807
-1.87339
-1.86198
-1.77424
-1.8146
-1.77849
-1.83922
-1.89252
-1.88072
-1.8
-1.8395
-1.84323
-1.71748
-1.82196
-1.79808
-1.79764
-1.77667
-1.75253
-1.78299
-1.74306
-1.751
-1.82318
-1.77493
-1.79416
-1.82864
-1.875
-1.83504
-1.84513
-1.88224
-1.89303
-1.89817
-1.87715
-1.78518
-1.81922
-1.84527
-1.89816
-1.88907
-1.86467
-1.87537
-1.8657
-1.8483
-1.83702
-1.8194
-1.85468
-1.87577
-1.87619
-1.89551
-1.90138
-1.88883
-1.84725
-1.87614
-1.91062
-1.87728
-1.9494
-1.94029
-1.93067
-1.92485
-1.89331
-1.91804
-1.90293
-1.88074
-1.82664
-1.94168
-1.87812
-1.85712
-1.79996
-1.77276
-1.82693
-1.80363
-1.86855
-1.90774
-1.8042
-1.92811
-1.92608
-1.96468
-1.96405
-1.92538
-1.91397
-1.9361
-1.87397
-1.90103
-1.8403
-1.87731
-1.90112
-1.91395
-1.86107
-1.88286
-1.89162
-1.91187
-1.92092
-1.90856
-1.90077
-1.91308
-1.92037
-1.88167
-1.87856
-1.92305
-1.88519
-1.89502
-1.9473
-1.96467
-1.90838
-1.88906
-1.9688
-1.93457
-1.98032
-1.91648
-1.90189
-1.904
-2.02527
-1.98852
-1.99191
-1.96704
-1.94632
-1.98068
-1.9813
-1.99425
-2.00577
-1.97882
-1.97616
-1.98729
-2.03995
-1.95107
-1.96334
-1.96921
-1.97477
-2.00125
-2.06539
-1.98741
-1.94659
-2.02056
-1.98791
-2.03547
-1.95426
-2.01612
-1.94936
-1.97697
-1.94032
-1.93696
-2.01218
-2.0364
-2.01302
-2.0051
-2.03281
-2.03637
-1.989
-2.04667
-1.94626
-1.95661
-2.05375
-2.01231
-2.04657
-1.99833
-2.03921
-1.9477
-1.99101
-1.9435
-1.94282
-1.99256
-1.96552
-1.92473
-1.97468
-2.04223
-2.04028
-2.01588
-2.05786
-2.05775
-2.1104
-2.04897
-2.12481
-2.14137
-2.16107
-2.14133
-2.10053
-2.05881
-2.04984
-2.0751
-2.03018
-2.08102
-2.0428
-2.07962
-2.07406
-2.03297
-2.07277
-2.03788
-1.98504
-1.95661
-2.01387
-2.00981
-2.11266
-2.13495
-2.13454
-2.11848
-2.1149
-2.08513
-2.08259
-2.03872
-2.06851
-2.13057
-2.1707
-2.08474
-2.08349
-2.1053
-2.11642
-2.10805
-2.11586
-2.18826
-2.19721
-2.18902
-2.11791
-2.16382
-2.19537
-2.19747
-2.24845
-2.17014
-2.21121
-2.12517
-2.09127
-2.11507
-2.20399
-2.16571
-2.16365
-2.20192
-2.1954
-2.18839
-2.267
-2.28521
-2.22009
-2.20377
-2.15306
-2.21737
-2.21933
-2.23283
-2.14346
-2.10428
-2.08628
-2.08935
-2.0985
-2.13159
-2.11134
-2.13599
-2.17273
-2.23498
-2.23581
-2.21079
-2.21369
-2.22986
-2.21424
-2.16545
-2.20599
-2.27659
-2.27148
-2.23619
-2.22903
-2.25586
-2.23284
-2.26417
-2.29333
-2.27709
-2.34591
-2.26595
-2.24495
-2.32115
-2.29099
-2.25599
-2.28114
-2.28023
-2.28845
-2.24714
-2.23976
-2.23711
-2.26687
-2.28265
-2.27475
-2.2772
-2.28604
-2.35523
-2.30567
-2.26919
-2.25
-2.30532
-2.26605
-2.29395
-2.32952
-2.25317
-2.23586
-2.28425
-2.31774
-2.25138
-2.21231
-2.24226
-2.29876
-2.24528
-2.29025
-2.28089
-2.33245
-2.22754
-2.37542
-2.38344
-2.2218
-2.28277
-2.3481
-2.357
-2.31103
-2.33089
-2.38036
-2.3388
-2.31851
-2.21268
-2.34753
-2.33355
-2.35743
-2.39366
-2.37566
-2.32214
-2.31069
-2.32493
-2.31242
-2.29288
-2.33894
-2.46693
-2.42601
-2.33756
-2.38095
-2.47484
-2.41501
-2.34731
-2.3557
-2.34781
-2.32899
-2.3602
-2.35639
-2.39422
-2.45918
-2.38257
-2.40452
-2.40892
-2.47775
-2.44125
-2.43751
-2.40232
-2.31462
-2.44478
-2.41203
-2.38534
-2.44953
-2.42409
-2.43107
-2.44345
-2.38088
-2.36955
-2.40436
-2.50783
-2.39885
-2.49954
-2.50337
-2.44958
-2.40433
-2.43971
-2.44865
-2.3904
-2.5328
-2.44976
-2.42715
-2.45247
-2.40679
-2.44787
-2.37221
-2.44153
-2.49768
-2.51106
-2.46024
-2.49531
-2.43931
-2.44783
-2.42789
-2.43337
-2.53808
-2.61835
-2.52448
-2.50378
-2.52228
-2.53922
-2.45841
-2.49918
-2.43695
-2.47075
-2.54207
-2.51698
-2.44827
-2.41025
-2.44758
-2.45653
-2.48593
-2.45223
-2.46472
-2.44198
-2.40501
-2.47558
-2.45259
-2.50333
-2.51388
-2.62873
-2.58585
-2.48081
-2.53467
-2.5877
-2.50589
-2.52689
-2.47487
-2.48018
-2.50021
-2.53668
-2.49466
-2.4827
-2.42165
-2.47677
-2.50037
-2.44549
