-1.61419
-1.61647
-1.73663
-1.72168
-1.7184
-1.7449
-1.72961
-1.75325
-1.75371
-1.86386
-1.74427
-1.77517
-1.81423
-1.84717
-1.83475
-1.87887
-1.76674
-1.83011
-1.83981
-1.95426
-1.98718
-1.96149
-2.03092
-2.02529
-2.07817
-2.08749
-2.08455
-2.11304
-2.08843
-2.1017
-2.11673
-2.17701
-2.21128
-2.24787
-2.31497
-2.33028
-2.35232
-2.3174
-2.35595
-2.32375
-2.39538
-2.38636
-2.39956
-2.42114
-2.38231
-2.31288
-2.33374
-2.42246
-2.43616
-2.37822
-2.49216
-2.42573
-2.5245
-2.57703
-2.61089
-2.51001
-2.57233
-2.5384
-2.61583
-2.6171
-2.60952
-2.65629
-2.60687
-2.69456
-2.65483
-2.7367
-2.7464
-2.81635
-2.78007
-2.80321
-2.789
-2.82737
-2.89512
-2.87348
-2.91149
-2.93766
-2.89068
-2.91084
-2.93301
-3.02398
-3.13904
-3.1481
-3.13223
-3.06945
-3.08489
-3.10498
-3.15268
-3.18643
-3.27511
-3.19868
-3.2661
-3.29123
-3.31658
-3.34934
-3.33215
-3.31664
-3.30746
-3.36049
-3.29701
-3.37521
-3.38507
-3.44503
-3.42544
-3.45915
-3.55516
-3.44546
-3.50075
-3.54366
-3.60213
-3.6852
-3.67861
-3.74394
-3.75109
-3.72299
-3.76452
-3.83592
-3.85579
-3.79259
-3.79676
-3.76828
-3.82968
-3.90944
-3.89542
-3.82747
-3.88277
-3.91009
-3.81788
-3.88368
-3.9976
-3.89364
-3.85125
-3.86532
-3.95468
-3.94423
-3.98971
-4.01247
-4.01169
-4.10396
-4.06618
-4.06903
-4.12813
-4.1037
-4.08039
-4.12899
-4.13071
-4.11932
-4.16776
-4.14774
-4.1284
-4.13095
-4.14597
-4.15919
-4.15513
-4.22983
-4.23297
-4.25628
-4.24545
-4.22263
-4.24891
-4.30786
-4.31942
-4.28286
-4.3009
-4.26946
-4.26448
-4.29623
-4.33663
-4.27842
-4.34817
-4.28394
-4.30552
-4.33566
-4.36237
-4.31434
-4.29434
-4.38567
-4.3299
-4.32673
-4.35052
-4.31044
-4.35433
-4.3454
-4.35291
