-1.61419	-0.00979888
-1.57337	42.802
-1.64832	-30.1483
-1.67529	-55.1105
-1.66309	-40.9128
-1.7135	-89.3194
-1.69677	-70.592
-1.69759	-69.4118
-1.70905	-78.8743
-1.68824	-56.0668
-1.74735	-113.176
-1.77907	-142.896
-1.70094	-62.767
-1.6927	-52.5192
-1.67178	-29.6058
-1.678	-33.8222
-1.64616	0.0183872
-1.69996	-51.7885
-1.75177	-101.591
-1.74231	-90.1319
-1.71873	-64.5546
-1.79156	-135.388
-1.79259	-134.41
-1.73383	-73.6524
-1.68636	-24.186
-1.68023	-16.0531
-1.73492	-68.7406
-1.68319	-15.0117
-1.67484	-4.66847
-1.67828	-6.09988
-1.69201	-17.8354
-1.79625	-120.073
-1.69399	-15.8089
-1.70118	-21.0031
-1.62125	60.9221
-1.71745	-33.2725
-1.75889	-72.7175
-1.77305	-84.8753
-1.6976	-7.42852
-1.67748	14.6965
-1.70408	-9.90224
-1.64066	55.5176
-1.64149	56.6861
-1.60937	90.8079
-1.63268	69.5011
-1.71722	-13.0451
-1.67243	33.7436
-1.72405	-15.8773
-1.74888	-38.7077
-1.75932	-47.1423
-1.76866	-54.4795
-1.76413	-47.9568
-1.75702	-38.8417
-1.75091	-30.7353
-1.73719	-15.0166
-1.67087	53.3107
-1.67398	52.2014
-1.71983	8.3482
-1.72049	9.68291
-1.73755	-5.36943
-1.73728	-3.09926
-1.70461	31.5666
-1.7484	-10.2193
-1.76656	-26.3842
-1.75906	-16.8878
-1.6834	60.7798
-1.71185	34.3273
-1.7259	22.2763
-1.69058	59.5966
-1.67747	74.7025
-1.73549	18.6899
-1.68843	67.7435
-1.75606	2.11606
-1.7262	33.9734
-1.76587	-3.69028
-1.72238	41.7953
-1.7701	-3.92046
-1.78396	-15.7797
-1.75107	19.1065
-1.71896	53.2121
-1.73452	39.6611
-1.71065	65.5238
-1.78807	-9.89757
-1.87339	-93.2181
-1.86198	-79.8054
-1.77424	9.93549
-1.8146	-28.424
-1.77849	9.6867
-1.83922	-49.0425
-1.89252	-100.347
-1.88072	-86.5465
-1.8	-3.82681
-1.8395	-41.3202
-1.84323	-43.0548
-1.71748	84.692
-1.82196	-17.7801
-1.79808	8.09805
-1.79764	10.5376
-1.77667	33.5064
-1.75253	59.6433
-1.78299	31.1865
-1.74306	73.1206
-1.751	67.1766
-1.82318	-3.00196
-1.77493	47.2478
-1.79416	30.0182
-1.82864	-2.46156
-1.875	-46.8285
-1.83504	-4.85988
-1.84513	-12.9584
-1.88224	-48.0679
-1.89303	-56.8495
-1.89817	-59.9949
-1.87715	-36.9725
-1.78518	57.0003
-1.81922	24.9599
-1.84527	0.910269
-1.89816	-49.9883
-1.88907	-38.8929
-1.86467	-12.494
-1.87537	-21.1981
-1.8657	-9.51939
-1.8483	9.87847
-1.83702	23.1565
-1.8194	42.7733
-1.85468	9.49934
-1.87577	-9.59199
-1.87619	-8.01447
-1.89551	-25.3369
-1.90138	-29.2038
-1.88883	-14.6533
-1.84725	28.9268
-1.87614	2.04112
-1.91062	-30.4463
-1.87728	4.90114
-1.9494	-65.2244
-1.94029	-54.1174
-1.93067	-42.4951
-1.92485	-34.6745
-1.89331	-1.13535
-1.91804	-23.8685
-1.90293	-6.75809
-1.88074	17.4371
-1.82664	73.5378
-1.94168	-39.5011
-1.87812	26.0538
-1.85712	49.0553
-1.79996	108.213
-1.77276	137.421
-1.82693	85.2493
-1.80363	110.546
-1.86855	47.6218
-1.90774	10.4364
-1.8042	115.978
-1.92811	-5.93038
-1.92608	-1.90719
-1.96468	-38.5053
-1.96405	-35.8692
-1.92538	4.79515
-1.91397	18.2041
-1.9361	-1.92332
-1.87397	62.2015
-1.90103	37.1449
-1.8403	99.8757
-1.87731	64.8704
-1.90112	43.0601
-1.91395	32.2224
-1.86107	87.1038
-1.88286	67.3206
-1.89162	60.5598
-1.91187	42.3082
-1.92092	35.2532
-1.90856	49.6116
-1.90077	59.4109
-1.91308	49.0953
-1.92037	43.8029
-1.88167	84.5049
-1.87856	89.6152
-1.92305	47.1247
-1.88519	86.9871
-1.89502	79.1544
-1.9473	28.8719
-1.96467	13.5079
-1.90838	71.794
-1.88906	93.1177
-1.9688	15.3729
-1.93457	51.6079
-1.98032	7.85416
-1.91648	73.6933
-1.90189	90.2874
-1.904	90.1734
-2.02527	-29.0943
-1.98852	9.65177
-1.99191	8.26913
-1.96704	35.1327
-1.94632	57.8519
-1.98068	25.4931
-1.9813	26.8786
-1.99425	15.9279
-2.00577	6.40687
-1.97882	35.3542
-1.97616	40.0158
-1.98729	30.8872
-2.03995	-19.769
-1.95107	71.1083
-1.96334	60.8349
-1.96921	56.9704
-1.97477	53.4098
-2.00125	28.9266
-2.06539	-33.2151
-1.98741	46.7678
-1.94659	89.5834
-2.02056	17.6181
-1.98791	52.2705
-2.03547	6.70478
-1.95426	89.9193
-2.01612	30.0532
-1.94936	98.8127
-1.97697	73.207
-1.94032	111.855
-1.93696	117.215
-2.01218	43.9929
-2.0364	21.7774
-2.01302	47.1581
-2.0051	57.0786
-2.03281	31.3693
-2.03637	29.8041
-1.989	79.1733
-2.04667	23.5075
-1.94626	125.915
-1.95661	117.571
-2.05375	22.4271
-2.01231	65.8618
-2.04657	33.6032
-1.99833	83.843
-2.03921	44.9638
-1.9477	138.478
-1.99101	97.1634
-1.9435	146.675
-1.94282	149.353
-1.99256	101.613
-1.96552	130.659
-1.92473	173.448
-1.97468	125.5
-2.04223	59.9428
-2.04028	63.8988
-2.01588	90.3004
-2.05786	50.3179
-2.05775	52.4277
-2.1104	1.78121
-2.04897	65.205
-2.12481	-8.6331
-2.14137	-23.1916
-2.16107	-40.8944
-2.14133	-19.1562
-2.10053	23.6452
-2.05881	67.3709
-2.04984	78.333
-2.0751	55.0755
-2.03018	101.993
-2.08102	53.1526
-2.0428	93.3803
-2.07962	58.5543
-2.07406	66.1151
-2.03297	109.203
-2.07277	71.407
-2.03788	108.299
-1.98504	163.133
-1.95661	193.565
-2.01387	138.307
-2.00981	144.37
-2.11266	43.5151
-2.13495	23.2251
-2.13454	25.6354
-2.11848	43.6951
-2.1149	49.2785
-2.08513	81.0496
-2.08259	85.5909
-2.03872	131.459
-2.06851	103.663
-2.13057	43.6051
-2.1707	5.47592
-2.08474	93.4363
-2.08349	96.6869
-2.1053	76.8811
-2.11642	67.7596
-2.10805	78.1269
-2.11586	72.313
-2.18826	1.9177
-2.19721	-5.03432
-2.18902	5.16086
-2.11791	78.2649
-2.16382	34.361
-2.19537	4.80558
-2.19747	4.70202
-2.24845	-44.2742
-2.17014	36.0359
-2.21121	-3.03117
-2.12517	85.01
-2.09127	120.903
-2.11507	99.1083
-2.20399	12.1846
-2.16571	52.4635
-2.16365	56.5262
-2.20192	20.2577
-2.1954	28.7755
-2.18839	37.788
-2.267	-38.8262
-2.28521	-55.0294
-2.22009	12.0897
-2.20377	30.4029
-2.15306	83.1159
-2.21737	20.8039
-2.21933	20.8415
-2.23283	9.34284
-2.14346	100.721
-2.10428	141.893
-2.08628	161.899
-2.08935	160.827
-2.0985	153.674
-2.13159	122.59
-2.11134	144.833
-2.13599	122.183
-2.17273	87.4458
-2.23498	27.1971
-2.23581	28.3628
-2.21079	55.3828
-2.21369	54.487
-2.22986	40.3127
-2.21424	57.9342
-2.16545	108.728
-2.20599	70.185
-2.27659	1.58545
-2.27148	8.69583
-2.23619	45.9831
-2.22903	55.1455
-2.25586	30.3117
-2.23284	55.3399
-2.26417	26.0031
-2.29333	-1.14914
-2.27709	17.0912
-2.34591	-49.7292
-2.26595	32.2277
-2.24495	55.2246
-2.32115	-18.9702
-2.29099	13.1865
-2.25599	50.1899
-2.28114	27.036
-2.28023	29.9414
-2.28845	23.7254
-2.24714	67.0363
-2.23976	76.4199
-2.23711	81.0618
-2.26687	53.3019
-2.28265	39.5276
-2.27475	49.4283
-2.2772	48.9734
-2.28604	42.1406
-2.35523	-25.0544
-2.30567	26.5092
-2.26919	64.9906
-2.25	86.175
-2.30532	32.8576
-2.26605	74.1284
-2.29395	48.2228
-2.32952	14.6571
-2.25317	93.0042
-2.23586	112.312
-2.28425	65.9259
-2.31774	34.4399
-2.25138	102.798
-2.21231	143.865
-2.24226	115.912
-2.29876	61.4204
-2.24528	116.896
-2.29025	73.9287
-2.28089	85.2824
-2.33245	35.7244
-2.22754	142.641
-2.37542	-3.23968
-2.38344	-9.25995
-2.2218	154.376
-2.28277	95.4091
-2.3481	32.0718
-2.357	25.1787
-2.31103	73.1449
-2.33089	55.2853
-2.38036	7.81401
-2.3388	51.3775
-2.31851	73.6679
-2.21268	181.5
-2.34753	48.6452
-2.33355	64.6218
-2.35743	42.7478
-2.39366	8.51246
-2.37566	28.5203
-2.32214	84.0335
-2.31069	97.4892
-2.32493	85.2439
-2.31242	99.7608
-2.29288	121.293
-2.33894	77.2341
-2.46693	-48.7547
-2.42601	-5.8295
-2.33756	84.6209
-2.38095	43.2289
-2.47484	-48.6679
-2.41501	13.1621
-2.34731	82.865
-2.3557	76.4716
-2.34781	86.3629
-2.32899	107.187
-2.3602	77.9747
-2.35639	83.7895
-2.39422	47.9554
-2.45918	-15.0083
-2.38257	63.6014
-2.40452	43.6576
-2.40892	41.2563
-2.47775	-25.5756
-2.44125	12.928
-2.43751	18.6675
-2.40232	55.8548
-2.31462	145.552
-2.44478	17.3976
-2.41203	52.1439
-2.38534	80.8334
-2.44953	18.6461
-2.42409	46.0874
-2.43107	41.1086
-2.44345	30.7245
-2.38088	95.296
-2.36955	108.631
-2.40436	75.8194
-2.50783	-25.6487
-2.39885	85.3302
-2.49954	-13.3668
-2.50337	-15.1937
-2.44958	40.5968
-2.40433	87.8445
-2.43971	54.4621
-2.44865	47.5251
-2.3904	107.777
-2.5328	-32.6275
-2.44976	52.4155
-2.42715	77.0244
-2.45247	53.7099
-2.40679	101.388
-2.44787	62.303
-2.37221	139.965
-2.44153	72.6435
-2.49768	18.4926
-2.51106	7.11968
-2.46024	59.9352
-2.49531	26.8693
-2.43931	84.8657
-2.44783	78.3451
-2.42789	100.286
-2.43337	96.8087
-2.53808	-5.90428
-2.61835	-84.1721
-2.52448	11.6917
-2.50378	34.3953
-2.52228	17.8989
-2.53922	2.9552
-2.45841	85.7639
-2.49918	46.9944
-2.43695	111.23
-2.47075	79.4246
-2.54207	10.1078
-2.51698	37.1923
-2.44827	107.903
-2.41025	147.927
-2.44758	112.591
-2.45653	105.641
-2.48593	78.2481
-2.45223	113.951
-2.46472	103.46
-2.44198	128.201
-2.40501	167.17
-2.47558	98.5932
-2.45259	123.587
-2.50333	74.8456
-2.51388	66.294
-2.62873	-46.5578
-2.58585	-1.67542
-2.48081	105.37
-2.53467	53.5094
-2.5877	2.47439
-2.50589	86.2846
-2.52689	67.2866
-2.47487	121.302
-2.48018	117.999
-2.50021	99.964
-2.53668	65.4956
-2.49466	109.517
-2.4827	123.48
-2.42165	186.529
-2.47677	133.403
-2.50037	111.806
-2.44549	168.69
