-0.00979888
17.7103
-82.4507
-47.5081
-24.2246
-30.727
4.56986
0.924329
20.4688
-69.6836
69.9028
59.0082
39.9414
27.0087
59.4269
35.3108
167.438
124.07
134.362
39.9147
26.9947
72.6832
23.2518
48.8838
16.0064
26.6906
49.6224
41.1399
85.7439
92.4772
97.4427
57.1653
42.8917
26.3086
-20.7969
-16.1014
-18.1403
36.7725
18.2292
70.4265
18.795
47.8125
54.6173
53.0314
111.862
201.293
200.439
131.716
138.019
215.954
122.014
208.443
129.679
97.1513
83.2842
204.168
161.842
215.78
158.351
177.073
204.657
177.881
247.306
179.616
239.346
177.472
187.772
137.826
194.108
190.964
225.178
206.811
159.06
200.697
182.689
176.515
243.496
243.333
241.167
170.198
75.1318
86.0779
121.945
204.731
209.282
209.199
181.498
167.749
99.0683
195.498
148.081
142.948
137.592
124.834
162.031
197.532
226.713
193.689
277.165
218.966
229.107
189.144
228.739
215.029
139.018
268.718
233.43
210.514
172.046
108.978
135.563
90.2379
103.083
151.191
129.657
78.26
78.3817
161.591
177.416
225.897
184.498
124.741
158.752
246.702
211.402
204.083
316.293
270.498
176.578
300.537
362.924
368.861
299.499
329.944
304.468
301.708
322.489
250.212
307.999
325.144
286.046
330.472
373.786
345.185
363.464
394.861
366.415
406.434
445.781
463.225
468.204
474.983
499.043
444.35
461.208
457.897
488.73
531.547
525.262
486.313
494.761
551.319
553.275
604.716
629.7
617.943
597.547
675.756
626.008
710.239
708.656
698.519
691.809
759.837
799.839
728.51
804.272
827.443
823.661
883.737
859.842
888.781
901.267
