-0.00979888
42.802
-30.1483
-55.1105
-40.9128
-89.3194
-70.592
-69.4118
-78.8743
-56.0668
-113.176
-142.896
-62.767
-52.5192
-29.6058
-33.8222
0.0183872
-51.7885
-101.591
-90.1319
-64.5546
-135.388
-134.41
-73.6524
-24.186
-16.0531
-68.7406
-15.0117
-4.66847
-6.09988
-17.8354
-120.073
-15.8089
-21.0031
60.9221
-33.2725
-72.7175
-84.8753
-7.42852
14.6965
-9.90224
55.5176
56.6861
90.8079
69.5011
-13.0451
33.7436
-15.8773
-38.7077
-47.1423
-54.4795
-47.9568
-38.8417
-30.7353
-15.0166
53.3107
52.2014
8.3482
9.68291
-5.36943
-3.09926
31.5666
-10.2193
-26.3842
-16.8878
60.7798
34.3273
22.2763
59.5966
74.7025
18.6899
67.7435
2.11606
33.9734
-3.69028
41.7953
-3.92046
-15.7797
19.1065
53.2121
39.6611
65.5238
-9.89757
-93.2181
-79.8054
9.93549
-28.424
9.6867
-49.0425
-100.347
-86.5465
-3.82681
-41.3202
-43.0548
84.692
-17.7801
8.09805
10.5376
33.5064
59.6433
31.1865
73.1206
67.1766
-3.00196
47.2478
30.0182
-2.46156
-46.8285
-4.85988
-12.9584
-48.0679
-56.8495
-59.9949
-36.9725
57.0003
24.9599
0.910269
-49.9883
-38.8929
-12.494
-21.1981
-9.51939
9.87847
23.1565
42.7733
9.49934
-9.59199
-8.01447
-25.3369
-29.2038
-14.6533
28.9268
2.04112
-30.4463
4.90114
-65.2244
-54.1174
-42.4951
-34.6745
-1.13535
-23.8685
-6.75809
17.4371
73.5378
-39.5011
26.0538
49.0553
108.213
137.421
85.2493
110.546
47.6218
10.4364
115.978
-5.93038
-1.90719
-38.5053
-35.8692
4.79515
18.2041
-1.92332
62.2015
37.1449
99.8757
64.8704
43.0601
32.2224
87.1038
67.3206
60.5598
42.3082
35.2532
49.6116
59.4109
49.0953
43.8029
84.5049
89.6152
47.1247
86.9871
79.1544
28.8719
13.5079
71.794
93.1177
15.3729
51.6079
7.85416
73.6933
90.2874
90.1734
-29.0943
9.65177
8.26913
35.1327
57.8519
25.4931
26.8786
15.9279
6.40687
35.3542
40.0158
30.8872
-19.769
71.1083
60.8349
56.9704
53.4098
28.9266
-33.2151
46.7678
89.5834
17.6181
52.2705
6.70478
89.9193
30.0532
98.8127
73.207
111.855
117.215
43.9929
21.7774
47.1581
57.0786
31.3693
29.8041
79.1733
23.5075
125.915
117.571
22.4271
65.8618
33.6032
83.843
44.9638
138.478
97.1634
146.675
149.353
101.613
130.659
173.448
125.5
59.9428
63.8988
90.3004
50.3179
52.4277
1.78121
65.205
-8.6331
-23.1916
-40.8944
-19.1562
23.6452
67.3709
78.333
55.0755
101.993
53.1526
93.3803
58.5543
66.1151
109.203
71.407
108.299
163.133
193.565
138.307
144.37
43.5151
23.2251
25.6354
43.6951
49.2785
81.0496
85.5909
131.459
103.663
43.6051
5.47592
93.4363
96.6869
76.8811
67.7596
78.1269
72.313
1.9177
-5.03432
5.16086
78.2649
34.361
4.80558
4.70202
-44.2742
36.0359
-3.03117
85.01
120.903
99.1083
12.1846
52.4635
56.5262
20.2577
28.7755
37.788
-38.8262
-55.0294
12.0897
30.4029
83.1159
20.8039
20.8415
9.34284
100.721
141.893
161.899
160.827
153.674
122.59
144.833
122.183
87.4458
27.1971
28.3628
55.3828
54.487
40.3127
57.9342
108.728
70.185
1.58545
8.69583
45.9831
55.1455
30.3117
55.3399
26.0031
-1.14914
17.0912
-49.7292
32.2277
55.2246
-18.9702
13.1865
50.1899
27.036
29.9414
23.7254
67.0363
76.4199
81.0618
53.3019
39.5276
49.4283
48.9734
42.1406
-25.0544
26.5092
64.9906
86.175
32.8576
74.1284
48.2228
14.6571
93.0042
112.312
65.9259
34.4399
102.798
143.865
115.912
61.4204
116.896
73.9287
85.2824
35.7244
142.641
-3.23968
-9.25995
154.376
95.4091
32.0718
25.1787
73.1449
55.2853
7.81401
51.3775
73.6679
181.5
48.6452
64.6218
42.7478
8.51246
28.5203
84.0335
97.4892
85.2439
99.7608
121.293
77.2341
-48.7547
-5.8295
84.6209
43.2289
-48.6679
13.1621
82.865
76.4716
86.3629
107.187
77.9747
83.7895
47.9554
-15.0083
63.6014
43.6576
41.2563
-25.5756
12.928
18.6675
55.8548
145.552
17.3976
52.1439
80.8334
18.6461
46.0874
41.1086
30.7245
95.296
108.631
75.8194
-25.6487
85.3302
-13.3668
-15.1937
40.5968
87.8445
54.4621
47.5251
107.777
-32.6275
52.4155
77.0244
53.7099
101.388
62.303
139.965
72.6435
18.4926
7.11968
59.9352
26.8693
84.8657
78.3451
100.286
96.8087
-5.90428
-84.1721
11.6917
34.3953
17.8989
2.9552
85.7639
46.9944
111.23
79.4246
10.1078
37.1923
107.903
147.927
112.591
105.641
78.2481
113.951
103.46
128.201
167.17
98.5932
123.587
74.8456
66.294
-46.5578
-1.67542
105.37
53.5094
2.47439
86.2846
67.2866
121.302
117.999
99.964
65.4956
109.517
123.48
186.529
133.403
111.806
168.69
