-0.00979888
14.8673
49.961
31.8541
119.299
28.201
67.6451
-21.3163
-40.6474
24.666
-37.6601
29.6041
44.0649
-7.68834
-17.8619
-2.59098
9.74663
-2.91002
93.6844
-23.4498
105.924
37.1661
-8.52195
-1.50822
0.105832
22.8129
-5.72968
29.5306
-20.9859
72.3443
44.8761
84.2382
10.4926
36.5736
23.7775
13.2151
45.8933
42.049
29.3236
17.1992
35.8342
59.195
21.5617
4.06928
47.052
10.8979
20.0381
-21.0261
-38.0739
39.5859
-0.117927
23.0497
27.441
-18.3679
32.5337
38.3556
40.6814
68.5996
62.8397
68.5114
77.2472
10.363
20.0098
26.1598
11.4229
39.3838
55.2816
-22.7343
-7.68734
-19.6972
10.6178
63.9166
-16.2813
7.57073
-11.3636
15.715
16.7446
26.4126
73.8455
41.0691
-21.0033
41.1359
41.4237
48.69
92.0547
131.52
-77.3442
-31.3001
-41.6144
-45.4517
-133.302
-121.306
-112.698
-52.2313
-12.1091
-20.0568
11.3037
37.5871
-82.2299
-33.7227
13.5827
60.542
79.8991
19.356
40.7838
13.4988
5.56705
-58.0027
-17.3136
35.6775
48.3861
81.8834
89.6483
-9.09609
-15.263
-63.6039
-57.4101
-70.2117
-33.8445
-40.7868
-69.6373
-46.0721
-33.6807
-25.2192
-8.37572
10.6784
-28.118
28.866
13.3945
27.794
62.1512
57.7015
62.6847
99.0644
58.3775
55.8575
141.307
114.203
126.921
96.7602
99.7365
87.6896
45.0946
46.5185
64.6801
61.6136
82.9647
118.714
69.5847
55.3834
12.1598
-11.9493
17.8768
23.1226
18.3704
-61.3981
61.2568
-11.5736
-11.8506
-7.21592
-10.3135
-8.21861
43.9194
15.3838
45.5784
93.4067
72.1368
56.8683
74.3023
91.1887
94.6633
28.5244
-6.68726
-72.6599
-19.3757
8.12307
16.0225
33.7464
60.3254
25.8226
83.8886
19.2912
40.8029
21.6024
18.7242
25.6287
32.9782
32.9125
74.5773
51.8279
91.0874
107.189
-13.191
24.8305
56.2071
63.4279
17.3971
29.0931
16.2105
19.8405
-49.0388
15.4129
-19.7932
-13.0939
-73.2696
-23.5932
18.5819
62.0867
118.08
90.5366
26.6319
70.5675
-8.26932
66.3398
62.9581
98.3598
103.538
75.9508
36.7555
36.8253
4.4097
-19.1336
5.46065
-4.31984
-24.8255
66.2554
10.972
29.8268
6.89317
-20.4765
0.0818436
26.7056
21.8054
17.489
-64.0819
-29.885
77.8001
50.4978
23.5425
-17.5418
-21.2903
-53.6953
-18.6935
-22.4474
-12.9896
-65.6844
-51.2646
-6.04122
19.1977
-5.81926
10.2193
-32.2214
-49.4355
1.94089
51.0859
65.3651
57.7958
-47.815
-79.7339
13.907
32.564
0.493206
-4.09608
20.8179
-2.92175
46.2594
1.88172
-57.5924
-29.743
-32.2796
60.839
22.734
9.9805
66.6722
100.43
60.6498
56.5255
80.8051
1.15046
-55.939
-33.7699
44.4029
-13.174
-76.1906
-30.6575
-0.154331
-50.8904
-23.4843
-36.7037
49.0896
50.2697
-54.1178
22.6311
74.8692
-3.51786
-4.75809
-8.31959
10.2244
-20.8625
63.2314
80.0137
-4.42481
19.8414
20.3305
3.88437
-16.2624
5.68028
10.5263
18.5097
45.7061
39.2424
-18.016
46.6717
93.9152
96.1454
3.28354
75.5263
51.8423
18.1476
15.6679
-6.10211
2.76773
-16.9554
-19.171
-60.8618
-18.3302
-2.94456
-14.6088
-8.42308
-24.4508
-13.851
27.2857
39.1314
-52.2683
13.687
24.9925
33.0649
50.4575
27.0278
13.3517
54.1543
102.968
68.6425
23.3132
-23.2321
60.6051
57.3064
103.822
65.2777
70.5829
46.7636
-17.2336
-11.8137
53.3227
24.5679
52.0968
19.5001
72.6438
34.1711
14.5566
24.4794
46.4701
48.5016
-29.3315
16.7646
40.2838
12.9534
58.1678
37.9907
89.3611
-31.7179
66.2301
55.6258
23.3491
-2.74216
-51.0441
-23.534
74.2944
54.1534
-0.491287
19.8176
-12.2545
-1.88017
40.9857
58.4414
46.9358
48.4424
-27.2187
-10.2893
-27.6489
-77.601
-80.1864
0.186875
-24.4869
31.8831
-62.4336
-75.8718
-83.2715
-47.5254
1.80747
35.693
-11.6729
90.7311
10.0639
33.5572
16.1911
63.2831
-5.08395
66.3408
12.0522
-0.721045
-10.5891
-8.67998
11.2114
-15.884
80.6984
68.9632
85.8388
16.4487
15.6791
113.675
8.82959
26.5796
52.997
35.0576
14.1436
82.3622
91.7943
124.479
78.4056
77.5185
43.5563
91.485
149.155
72.4159
64.178
64.5038
5.52794
66.9757
103.842
34.2241
16.9549
91.5872
81.0923
105.548
65.5118
54.6119
45.9096
-11.2098
40.0138
-11.6584
15.4131
16.7374
9.70227
-18.1601
127.315
-18.918
59.7402
138.825
62.2186
60.6756
18.3421
-35.1399
-56.0289
-12.9404
-33.3407
-38.6751
-77.4509
-41.7627
-33.252
-15.3113
-68.9259
-18.0671
18.9977
-1.37914
3.35651
-20.4427
-8.31244
68.3194
121.141
14.6292
78.4999
37.493
68.5731
77.8248
113.296
67.479
11.9191
4.81939
23.0395
-37.4401
1.35766
-7.99338
-5.22733
-18.2016
-3.80498
4.55891
-12.9799
-41.0533
-6.76442
2.09375
